Iter,LWrist_x,LWrist_y,RWrist_x,RWrist_y,LElbow_x,LElbow_y,RElbow_x,RElbow_y,LShoulder_x,LShoulder_y,RShoulder_x,RShoulder_y,LHip_x,LHip_y,RHip_x,RHip_y,LKnee_x,LKnee_y,RKnee_x,RKnee_y,LAnkle_x,LAnkle_y,RAnkle_x,RAnkle_y
0.0;[0.48432457447052, 0.5844924449920654];[0.3537236452102661, 0.4975437819957733];[0.5053117871284485, 0.5044216513633728];[0.3887692093849182, 0.4934469759464264];[0.4806613028049469, 0.39327573776245117];[0.39528149366378784, 0.40278708934783936];[0.48423999547958374, 0.5718844532966614];[0.43224483728408813, 0.5784296989440918];[0.5095226168632507, 0.7277829051017761];[0.3858190178871155, 0.7135410308837891];[0.5196149349212646, 0.8740875720977783];[0.38864070177078247, 0.870114803314209]
0.04;[0.4838263690471649, 0.5837345123291016];[0.35388848185539246, 0.4970302879810333];[0.5045769214630127, 0.5044154524803162];[0.3850706219673157, 0.4908609390258789];[0.48068028688430786, 0.3938192129135132];[0.39725378155708313, 0.40218570828437805];[0.48319804668426514, 0.5790511965751648];[0.43208423256874084, 0.5847076177597046];[0.5111194252967834, 0.7305452227592468];[0.3864690363407135, 0.7140845060348511];[0.5205544829368591, 0.8738064169883728];[0.38953760266304016, 0.8701199889183044]
0.08;[0.48351627588272095, 0.5837341547012329];[0.36293357610702515, 0.49095669388771057];[0.5043572783470154, 0.5056639909744263];[0.3833330571651459, 0.49098673462867737];[0.4818549156188965, 0.3944849371910095];[0.3988848030567169, 0.40228867530822754];[0.4830417335033417, 0.5832319855690002];[0.4320846199989319, 0.5891032814979553];[0.5124724507331848, 0.7317452430725098];[0.3873883783817291, 0.7140138149261475];[0.5209316611289978, 0.8755548596382141];[0.3900751769542694, 0.8704255819320679]
0.12000000000000001;[0.4834841191768646, 0.581939160823822];[0.36593732237815857, 0.4938221573829651];[0.5040845274925232, 0.5057100653648376];[0.3817392587661743, 0.48336905241012573];[0.48299530148506165, 0.3948325514793396];[0.39905357360839844, 0.4018579125404358];[0.48302263021469116, 0.5837169885635376];[0.43175575137138367, 0.5906329154968262];[0.5147448182106018, 0.7316328287124634];[0.3886003792285919, 0.7138503193855286];[0.5218090415000916, 0.8755306005477905];[0.3910423815250397, 0.8706609606742859]
0.16;[0.48418277502059937, 0.5804690718650818];[0.3645026385784149, 0.51007080078125];[0.5040899515151978, 0.5058391094207764];[0.37919938564300537, 0.473648339509964];[0.48602035641670227, 0.39536356925964355];[0.39991721510887146, 0.4017968773841858];[0.4842697083950043, 0.5836324095726013];[0.43208491802215576, 0.5905742645263672];[0.5184152126312256, 0.7316126227378845];[0.3894830346107483, 0.7149127125740051];[0.5234896540641785, 0.8756375908851624];[0.3935713768005371, 0.8714441657066345]
0.2;[0.48608386516571045, 0.5802916288375854];[0.3666015565395355, 0.5733405947685242];[0.5060405731201172, 0.50613933801651];[0.3721424639225006, 0.48468276858329773];[0.4890798032283783, 0.3956226110458374];[0.4003720283508301, 0.40387630462646484];[0.4856167137622833, 0.5834388136863708];[0.4333152770996094, 0.5903682112693787];[0.5207818150520325, 0.7315161228179932];[0.39139363169670105, 0.7154576182365417];[0.5247212648391724, 0.8756218552589417];[0.395072877407074, 0.8721929788589478]
0.24000000000000002;[0.4894365668296814, 0.5800573229789734];[0.36539211869239807, 0.6331693530082703];[0.5082173943519592, 0.5061354637145996];[0.3692016303539276, 0.5239508748054504];[0.49224549531936646, 0.395745187997818];[0.40078240633010864, 0.4086236357688904];[0.48803672194480896, 0.5828495621681213];[0.4351148307323456, 0.5900258421897888];[0.5237021446228027, 0.7314445376396179];[0.39190956950187683, 0.7161789536476135];[0.5275000929832458, 0.8758557438850403];[0.39609622955322266, 0.872184693813324]
0.28;[0.493358314037323, 0.5800909996032715];[0.35924044251441956, 0.662800669670105];[0.5118328928947449, 0.5067960619926453];[0.3711485266685486, 0.5386340618133545];[0.49541351199150085, 0.3959500789642334];[0.4026774764060974, 0.409943163394928];[0.48942261934280396, 0.5826694369316101];[0.43566185235977173, 0.5896643400192261];[0.525952935218811, 0.7310440540313721];[0.39240363240242004, 0.7158493399620056];[0.5292454957962036, 0.8757747411727905];[0.39862045645713806, 0.8717911839485168]
0.32;[0.4976969063282013, 0.5802580118179321];[0.3521728217601776, 0.6660324335098267];[0.5164269804954529, 0.5101442933082581];[0.37232473492622375, 0.5405126810073853];[0.5002726316452026, 0.3966768682003021];[0.4061242341995239, 0.4105737507343292];[0.4923558831214905, 0.5827300548553467];[0.4374990463256836, 0.5889945030212402];[0.5275062322616577, 0.7310068607330322];[0.3944135308265686, 0.7158241271972656];[0.5316862463951111, 0.8761215209960938];[0.3996562957763672, 0.8718308210372925]
0.36000000000000004;[0.5008402466773987, 0.5802282691001892];[0.3448357582092285, 0.6531696915626526];[0.5217384099960327, 0.5115004181861877];[0.3726770281791687, 0.5420947074890137];[0.5041465759277344, 0.3969281017780304];[0.4089442789554596, 0.4110811948776245];[0.49449747800827026, 0.5842874050140381];[0.4389416575431824, 0.5893512964248657];[0.5301797389984131, 0.7310120463371277];[0.39687594771385193, 0.7170723676681519];[0.5327633023262024, 0.8760629892349243];[0.4023076295852661, 0.8719950318336487]
0.4;[0.5032693147659302, 0.5809262990951538];[0.3424369990825653, 0.6330447793006897];[0.525373101234436, 0.5120419263839722];[0.37857723236083984, 0.5355671048164368];[0.505764365196228, 0.3973097503185272];[0.411577433347702, 0.4099482595920563];[0.49617999792099, 0.5858768820762634];[0.4404687285423279, 0.5892448425292969];[0.5314719080924988, 0.730839192867279];[0.3979256749153137, 0.7179689407348633];[0.5342350006103516, 0.8775238990783691];[0.40389806032180786, 0.8735596537590027]
0.44000000000000006;[0.5056439638137817, 0.5839126706123352];[0.3380541503429413, 0.6321174502372742];[0.5275418758392334, 0.5126678943634033];[0.386125773191452, 0.5311248898506165];[0.5081802010536194, 0.3978767693042755];[0.4146110415458679, 0.4096093475818634];[0.49827340245246887, 0.5868967771530151];[0.44257500767707825, 0.5888293981552124];[0.5325672030448914, 0.7317403554916382];[0.3994300961494446, 0.7191056609153748];[0.5360648036003113, 0.8776518106460571];[0.40482383966445923, 0.8754647374153137]
0.48000000000000004;[0.5068739652633667, 0.5878601670265198];[0.34115853905677795, 0.5661599040031433];[0.5298810005187988, 0.5140326023101807];[0.3925378620624542, 0.530187726020813];[0.5106324553489685, 0.3995656967163086];[0.41883525252342224, 0.40949735045433044];[0.49899351596832275, 0.5946163535118103];[0.44390013813972473, 0.5914560556411743];[0.533798098564148, 0.73548424243927];[0.40038391947746277, 0.7196694016456604];[0.5368938446044922, 0.8785364031791687];[0.40609827637672424, 0.8774546384811401]
0.52;[0.5075619220733643, 0.5898374915122986];[0.3429877460002899, 0.5310595035552979];[0.5301609635353088, 0.5140174627304077];[0.3972719609737396, 0.5126531720161438];[0.512361466884613, 0.4033958911895752];[0.4227241277694702, 0.40943220257759094];[0.49905890226364136, 0.5973716974258423];[0.4445057511329651, 0.5927410125732422];[0.5345094799995422, 0.7369582056999207];[0.40044212341308594, 0.7208558320999146];[0.5376919507980347, 0.8792008757591248];[0.40711715817451477, 0.8791295886039734]
0.56;[0.5077731609344482, 0.5926956534385681];[0.3438880741596222, 0.5027346014976501];[0.5289002060890198, 0.5140976905822754];[0.39919862151145935, 0.5035129189491272];[0.5122162103652954, 0.40440696477890015];[0.4228500723838806, 0.4060852527618408];[0.49917128682136536, 0.59918212890625];[0.44473475217819214, 0.5940036773681641];[0.5358368754386902, 0.7395867705345154];[0.40017569065093994, 0.7218441367149353];[0.5386732816696167, 0.8800050616264343];[0.4077976942062378, 0.8803446292877197]
0.6000000000000001;[0.5074589252471924, 0.5928882956504822];[0.3513117730617523, 0.48722681403160095];[0.5279472470283508, 0.5140212774276733];[0.3978939354419708, 0.49943163990974426];[0.5133441686630249, 0.4050055742263794];[0.42244380712509155, 0.4034970998764038];[0.49989956617355347, 0.5995562672615051];[0.44523197412490845, 0.5940794348716736];[0.5367343425750732, 0.7396714091300964];[0.4007529616355896, 0.7221670150756836];[0.5405291318893433, 0.8811367750167847];[0.4082658886909485, 0.8811880946159363]
0.64;[0.5080528855323792, 0.5924771428108215];[0.3623664975166321, 0.4911332428455353];[0.527636706829071, 0.5127601623535156];[0.39600861072540283, 0.49623537063598633];[0.5126155018806458, 0.4048480987548828];[0.42113450169563293, 0.403532475233078];[0.501930832862854, 0.5983728766441345];[0.44712018966674805, 0.5940359234809875];[0.5365884900093079, 0.7393643856048584];[0.40216919779777527, 0.7225098609924316];[0.5406869053840637, 0.8821181654930115];[0.4085537791252136, 0.8830305337905884]
