Iter,LWrist_x,LWrist_y,RWrist_x,RWrist_y,LElbow_x,LElbow_y,RElbow_x,RElbow_y,LShoulder_x,LShoulder_y,RShoulder_x,RShoulder_y,LHip_x,LHip_y,RHip_x,RHip_y,LKnee_x,LKnee_y,RKnee_x,RKnee_y,LAnkle_x,LAnkle_y,RAnkle_x,RAnkle_y
0.0;[0.8340020179748535, 0.6129540801048279];[0.2719602882862091, 0.6213902831077576];[0.7495894432067871, 0.5418558716773987];[0.32186490297317505, 0.5411255359649658];[0.6508398056030273, 0.46022820472717285];[0.4021386504173279, 0.45615124702453613];[0.5965483784675598, 0.649413526058197];[0.45149433612823486, 0.6459051370620728];[0.5671271681785583, 0.7753697037696838];[0.45378220081329346, 0.7691935300827026];[0.5672885179519653, 0.896729052066803];[0.4508582651615143, 0.9043412208557129]
0.03333333333333333;[0.8341390490531921, 0.6137471795082092];[0.27243319153785706, 0.6174545884132385];[0.7478150725364685, 0.5415495038032532];[0.32190123200416565, 0.5397117733955383];[0.6502227187156677, 0.46035030484199524];[0.40187302231788635, 0.45609498023986816];[0.5964552760124207, 0.6494075059890747];[0.4512209892272949, 0.6459025740623474];[0.5690839290618896, 0.7757349014282227];[0.45378339290618896, 0.7724231481552124];[0.5663776993751526, 0.8968185782432556];[0.4498023986816406, 0.9043470621109009]
0.06666666666666667;[0.8184499144554138, 0.618896484375];[0.2681337893009186, 0.610314130783081];[0.7371990084648132, 0.541549801826477];[0.3215901851654053, 0.5375619530677795];[0.6500388979911804, 0.46031737327575684];[0.4010449945926666, 0.45633095502853394];[0.5966810584068298, 0.6493837237358093];[0.45118120312690735, 0.6459315419197083];[0.573761522769928, 0.7787131071090698];[0.4537946283817291, 0.7756136059761047];[0.5657708644866943, 0.8974975943565369];[0.44949212670326233, 0.9045467376708984]
0.1;[0.7493075728416443, 0.6460766792297363];[0.2546706199645996, 0.6088017225265503];[0.7180144190788269, 0.5537148714065552];[0.32004404067993164, 0.5378038287162781];[0.649649977684021, 0.46298903226852417];[0.40060341358184814, 0.4594752788543701];[0.5964863300323486, 0.6516870260238647];[0.4511451721191406, 0.6482640504837036];[0.5821589827537537, 0.7893425822257996];[0.4456225037574768, 0.78452467918396];[0.565156102180481, 0.8982340693473816];[0.4481576681137085, 0.9051181674003601]
0.13333333333333333;[0.7058717608451843, 0.6736080646514893];[0.24188688397407532, 0.6204951405525208];[0.6996376514434814, 0.5735490918159485];[0.3176518678665161, 0.5514037609100342];[0.6496577858924866, 0.474226176738739];[0.4005657732486725, 0.4699282646179199];[0.5980894565582275, 0.6640958189964294];[0.4517797827720642, 0.6606853008270264];[0.5949202179908752, 0.8043667674064636];[0.4368376135826111, 0.7961987257003784];[0.5634825229644775, 0.9011433720588684];[0.4484674632549286, 0.9061809182167053]
0.16666666666666669;[0.7067029476165771, 0.6682443618774414];[0.2745245695114136, 0.661717414855957];[0.6889959573745728, 0.5762198567390442];[0.3253096342086792, 0.5737625360488892];[0.6480380892753601, 0.48246386647224426];[0.4005427062511444, 0.48336389660835266];[0.6002663373947144, 0.6748895645141602];[0.45274844765663147, 0.6723477840423584];[0.5972050428390503, 0.8119985461235046];[0.4318905770778656, 0.8052114248275757];[0.5625137090682983, 0.9033615589141846];[0.44903814792633057, 0.907661497592926]
0.2;[0.7277083396911621, 0.6700750589370728];[0.30948805809020996, 0.6786917448043823];[0.6964337825775146, 0.5800294876098633];[0.33965080976486206, 0.5896810293197632];[0.6459633708000183, 0.4885210692882538];[0.4010949730873108, 0.48967838287353516];[0.5997793078422546, 0.6813020706176758];[0.4525805711746216, 0.6787525415420532];[0.6004970669746399, 0.8175825476646423];[0.42702028155326843, 0.812007486820221];[0.5628190636634827, 0.9036071300506592];[0.4491855800151825, 0.9082459807395935]
0.23333333333333334;[0.7359327077865601, 0.6625093221664429];[0.3393711447715759, 0.6642085313796997];[0.7017543315887451, 0.5802875757217407];[0.35815781354904175, 0.5861071348190308];[0.6460338830947876, 0.4876721501350403];[0.40251123905181885, 0.4869890809059143];[0.5997302532196045, 0.6797013878822327];[0.45211654901504517, 0.6759412288665771];[0.601203203201294, 0.8144545555114746];[0.4279642701148987, 0.8094003200531006];[0.5628345012664795, 0.9044329524040222];[0.44940513372421265, 0.9082499146461487]
0.26666666666666666;[0.7138497829437256, 0.6706984639167786];[0.32199597358703613, 0.6698991656303406];[0.7009603977203369, 0.5770691633224487];[0.35290077328681946, 0.5842631459236145];[0.6463801264762878, 0.4865049719810486];[0.4025243818759918, 0.48315107822418213];[0.6000138521194458, 0.6761144995689392];[0.45244038105010986, 0.6722874045372009];[0.5996575355529785, 0.8104987740516663];[0.42952048778533936, 0.805535078048706];[0.5628788471221924, 0.904389500617981];[0.45038869976997375, 0.9080713391304016]
0.30000000000000004;[0.6934113502502441, 0.6689919233322144];[0.3166764974594116, 0.6598092913627625];[0.6880168318748474, 0.5745594501495361];[0.3519163131713867, 0.5738864541053772];[0.6465010643005371, 0.47582924365997314];[0.40298110246658325, 0.4739198088645935];[0.5999566912651062, 0.6674772500991821];[0.4524030089378357, 0.6639856696128845];[0.5987327694892883, 0.8084499835968018];[0.4319489896297455, 0.8052136301994324];[0.5629459619522095, 0.9020729660987854];[0.4514636993408203, 0.9072054028511047]
0.33333333333333337;[0.707486093044281, 0.6665710806846619];[0.2990019917488098, 0.6306020617485046];[0.6908228993415833, 0.564854621887207];[0.3488563895225525, 0.5543147325515747];[0.6474691033363342, 0.4656063914299011];[0.4031643867492676, 0.4632693827152252];[0.5979719161987305, 0.6585885286331177];[0.45076295733451843, 0.6552733182907104];[0.5963404178619385, 0.7893052697181702];[0.4466319680213928, 0.7860545516014099];[0.5632901191711426, 0.8998022079467773];[0.45196643471717834, 0.9047154784202576]
0.3666666666666667;[0.7537748217582703, 0.6486476063728333];[0.31157857179641724, 0.6320536732673645];[0.6916071772575378, 0.556276798248291];[0.3463577926158905, 0.5514380931854248];[0.6475750803947449, 0.4621850252151489];[0.4032975435256958, 0.4590393900871277];[0.5956675410270691, 0.6525634527206421];[0.44951021671295166, 0.6479091048240662];[0.5910584926605225, 0.7823267579078674];[0.45037370920181274, 0.7798430323600769];[0.5636981725692749, 0.8992148637771606];[0.45244747400283813, 0.9034055471420288]
0.4;[0.7560608983039856, 0.6396041512489319];[0.3522982597351074, 0.6301518678665161];[0.6943287253379822, 0.5502845644950867];[0.35845911502838135, 0.5513240098953247];[0.647287130355835, 0.4604818522930145];[0.40377041697502136, 0.4571646451950073];[0.5915197134017944, 0.6493598818778992];[0.44908326864242554, 0.6427527070045471];[0.5861398577690125, 0.7817678451538086];[0.44828298687934875, 0.777319610118866];[0.5648707151412964, 0.8990623354911804];[0.45231878757476807, 0.90205979347229]
0.43333333333333335;[0.7037720680236816, 0.6548393964767456];[0.3474181890487671, 0.634415864944458];[0.6891416311264038, 0.5520898699760437];[0.35479775071144104, 0.551878809928894];[0.6473045945167542, 0.4597088396549225];[0.40263545513153076, 0.456440806388855];[0.5881834030151367, 0.650635302066803];[0.44775187969207764, 0.6446654200553894];[0.5858190655708313, 0.7830374240875244];[0.44912517070770264, 0.7759453058242798];[0.5665140748023987, 0.8977664113044739];[0.4455428123474121, 0.9021411538124084]
0.4666666666666667;[0.680820107460022, 0.654914140701294];[0.345477432012558, 0.6322991251945496];[0.6751108765602112, 0.5532450675964355];[0.3368087708950043, 0.5476868152618408];[0.6378470063209534, 0.4588605463504791];[0.39079198241233826, 0.45380786061286926];[0.5815008878707886, 0.6493207216262817];[0.4420579671859741, 0.6442469954490662];[0.585781455039978, 0.784040093421936];[0.4489888548851013, 0.7770022749900818];[0.5717786550521851, 0.8967759013175964];[0.4304302930831909, 0.9085424542427063]
0.5;[0.688373863697052, 0.6565407514572144];[0.33104822039604187, 0.6310004591941833];[0.6675096154212952, 0.5559977293014526];[0.3063230514526367, 0.5414394736289978];[0.6228907704353333, 0.45903700590133667];[0.37702953815460205, 0.45205193758010864];[0.5760807394981384, 0.650075376033783];[0.4408852756023407, 0.6448066234588623];[0.5854423642158508, 0.7853680849075317];[0.4481646716594696, 0.7779214978218079];[0.5741049647331238, 0.8956202268600464];[0.4234412908554077, 0.9134406447410583]
0.5333333333333333;[0.7159262299537659, 0.6332527995109558];[0.3200482726097107, 0.6163607835769653];[0.6684293746948242, 0.5538526773452759];[0.2830428183078766, 0.540699303150177];[0.604862630367279, 0.45987460017204285];[0.35881173610687256, 0.45111891627311707];[0.5668902397155762, 0.6502746343612671];[0.43387147784233093, 0.6491737961769104];[0.5813988447189331, 0.78778076171875];[0.44800806045532227, 0.7781819105148315];[0.5675461888313293, 0.8886811137199402];[0.41937804222106934, 0.9163233637809753]
0.5666666666666667;[0.7375447154045105, 0.5837967991828918];[0.3317604959011078, 0.6138231158256531];[0.6692072153091431, 0.5430122017860413];[0.28514158725738525, 0.54226154088974];[0.5913161039352417, 0.4639284014701843];[0.3535271883010864, 0.45203697681427];[0.551259458065033, 0.6555081605911255];[0.4179432988166809, 0.6521830558776855];[0.558958113193512, 0.7902576923370361];[0.43930327892303467, 0.7834550142288208];[0.49237024784088135, 0.8805983066558838];[0.42014428973197937, 0.9199191331863403]
0.6000000000000001;[0.7363096475601196, 0.5166525840759277];[0.3665359616279602, 0.6165027022361755];[0.6684513092041016, 0.5309898853302002];[0.2930602431297302, 0.5425069332122803];[0.5751573443412781, 0.4638963043689728];[0.34823957085609436, 0.4523980915546417];[0.5358436703681946, 0.6589605212211609];[0.4029983878135681, 0.6540650725364685];[0.5227785706520081, 0.7819461226463318];[0.4204169511795044, 0.7863729000091553];[0.39807024598121643, 0.8613101840019226];[0.41241368651390076, 0.9203768372535706]
0.6333333333333334;[0.7288132905960083, 0.4874846339225769];[0.3767731487751007, 0.6303957104682922];[0.6632620692253113, 0.5195246934890747];[0.2976294159889221, 0.5476442575454712];[0.5665276050567627, 0.46151718497276306];[0.3439269959926605, 0.45258089900016785];[0.5289629101753235, 0.6586997509002686];[0.39407026767730713, 0.6540732383728027];[0.46147510409355164, 0.77606201171875];[0.41211432218551636, 0.7854397296905518];[0.31284335255622864, 0.8465719223022461];[0.40869003534317017, 0.9192898273468018]
0.6666666666666667;[0.7182790040969849, 0.4737049639225006];[0.3671077787876129, 0.6436218023300171];[0.6655519008636475, 0.5140935778617859];[0.29963013529777527, 0.5602691769599915];[0.5681965947151184, 0.46132025122642517];[0.34099844098091125, 0.45302748680114746];[0.5255530476570129, 0.6587818264961243];[0.3937428295612335, 0.6547918915748596];[0.42377692461013794, 0.7670935988426208];[0.4157797694206238, 0.7804978489875793];[0.24720822274684906, 0.8498348593711853];[0.40767189860343933, 0.9196203947067261]
0.7000000000000001;[0.7053110003471375, 0.4671403765678406];[0.3610561490058899, 0.6501356363296509];[0.6605322360992432, 0.5100585222244263];[0.29904383420944214, 0.5650209188461304];[0.5660476684570312, 0.4613516330718994];[0.3403691351413727, 0.453974187374115];[0.5173450708389282, 0.6589306592941284];[0.393103688955307, 0.654786229133606];[0.40369758009910583, 0.766322672367096];[0.4124036729335785, 0.7807264924049377];[0.23460745811462402, 0.8565840721130371];[0.4041699767112732, 0.9214731454849243]
0.7333333333333334;[0.6773185133934021, 0.458351731300354];[0.33256471157073975, 0.6621586084365845];[0.6623146533966064, 0.5141617655754089];[0.2918490767478943, 0.5685676336288452];[0.5631664395332336, 0.4616265594959259];[0.33795565366744995, 0.4561932682991028];[0.5048315525054932, 0.6600577235221863];[0.3837093114852905, 0.6547889709472656];[0.3918190896511078, 0.7692755460739136];[0.40501800179481506, 0.7809103727340698];[0.23130805790424347, 0.863059937953949];[0.3995916545391083, 0.9211192727088928]
0.7666666666666667;[0.6686679720878601, 0.45956024527549744];[0.31457850337028503, 0.6663563847541809];[0.6612606048583984, 0.5118090510368347];[0.2865527868270874, 0.5696963667869568];[0.5616052746772766, 0.46186280250549316];[0.3364220857620239, 0.4602549374103546];[0.4957239329814911, 0.660287618637085];[0.38164710998535156, 0.6547164916992188];[0.3746086657047272, 0.7748759388923645];[0.4024573564529419, 0.7841408252716064];[0.22378677129745483, 0.8722058534622192];[0.4012974500656128, 0.9219865798950195]
0.8;[0.6765342354774475, 0.46217265725135803];[0.3036174774169922, 0.6678360104560852];[0.6574172377586365, 0.5091664791107178];[0.2850596308708191, 0.5696872472763062];[0.5621587038040161, 0.46206235885620117];[0.3348042964935303, 0.4616854786872864];[0.4936251640319824, 0.660285472869873];[0.3812403380870819, 0.6547122597694397];[0.36890676617622375, 0.7752174139022827];[0.4009799063205719, 0.784249484539032];[0.22053177654743195, 0.8778722882270813];[0.4013676345348358, 0.921610414981842]
0.8333333333333334;[0.6821301579475403, 0.46987903118133545];[0.2977697551250458, 0.6695635914802551];[0.6533429622650146, 0.506862223148346];[0.285331666469574, 0.5708528757095337];[0.5618196129798889, 0.4627951979637146];[0.332526832818985, 0.4621465504169464];[0.49214309453964233, 0.6620206832885742];[0.37839335203170776, 0.6562187075614929];[0.36861610412597656, 0.777599573135376];[0.39912140369415283, 0.7847676277160645];[0.21870733797550201, 0.8799043893814087];[0.40169811248779297, 0.9211563467979431]
0.8666666666666667;[0.6780864596366882, 0.46255922317504883];[0.29437872767448425, 0.668605625629425];[0.6500707268714905, 0.5077598690986633];[0.2816530466079712, 0.5703990459442139];[0.5595424175262451, 0.46251749992370605];[0.32922664284706116, 0.4624392092227936];[0.4941594898700714, 0.6615197658538818];[0.37902337312698364, 0.656051516532898];[0.37373819947242737, 0.7796669006347656];[0.3978525698184967, 0.7851720452308655];[0.21758224070072174, 0.8811907768249512];[0.40239325165748596, 0.9209887981414795]
0.9;[0.6777758598327637, 0.4618270993232727];[0.2912627160549164, 0.667514979839325];[0.6485399007797241, 0.5085698962211609];[0.2771819829940796, 0.5697157382965088];[0.5585991144180298, 0.46238377690315247];[0.32776111364364624, 0.46237337589263916];[0.4959471523761749, 0.6602622270584106];[0.3796088993549347, 0.6553945541381836];[0.3770037889480591, 0.7799479961395264];[0.39666298031806946, 0.7851784229278564];[0.2184707075357437, 0.8812829852104187];[0.40217506885528564, 0.92091965675354]
0.9333333333333333;[0.6714818477630615, 0.4567517042160034];[0.287543386220932, 0.6667711734771729];[0.6486034989356995, 0.5095939040184021];[0.27290305495262146, 0.569643497467041];[0.556675136089325, 0.4624161124229431];[0.3254382312297821, 0.46234795451164246];[0.49497026205062866, 0.6600960493087769];[0.3767795264720917, 0.6551941633224487];[0.38003575801849365, 0.7809813022613525];[0.39419981837272644, 0.7852287888526917];[0.22212757170200348, 0.8813292384147644];[0.3974619507789612, 0.9205337762832642]
0.9666666666666667;[0.6696334481239319, 0.45439282059669495];[0.2860924005508423, 0.6666983962059021];[0.645792543888092, 0.5093082189559937];[0.27484723925590515, 0.5701019763946533];[0.5565565824508667, 0.4624614417552948];[0.3262611925601959, 0.46230992674827576];[0.4960390329360962, 0.6599820852279663];[0.37705838680267334, 0.6551781296730042];[0.37241506576538086, 0.7795313000679016];[0.3952484428882599, 0.7850814461708069];[0.2231537252664566, 0.8812317252159119];[0.39824068546295166, 0.9203106760978699]
1.0;[0.653922438621521, 0.44874751567840576];[0.28448593616485596, 0.66619473695755];[0.645768404006958, 0.5091074705123901];[0.2759881317615509, 0.5700567364692688];[0.5539554357528687, 0.4620305895805359];[0.32696545124053955, 0.46229085326194763];[0.4949919283390045, 0.6589421629905701];[0.3761073052883148, 0.6539613008499146];[0.38062161207199097, 0.7782155871391296];[0.39554211497306824, 0.783856987953186];[0.22162024676799774, 0.8814964890480042];[0.3966883420944214, 0.9202272891998291]
1.0333333333333334;[0.6562926173210144, 0.45356547832489014];[0.28352683782577515, 0.665687620639801];[0.6410702466964722, 0.5074674487113953];[0.27360376715660095, 0.5699992775917053];[0.553091287612915, 0.46204328536987305];[0.3265015482902527, 0.4623936116695404];[0.4929838180541992, 0.6585655212402344];[0.372800350189209, 0.6534895300865173];[0.38410815596580505, 0.7779027223587036];[0.38998353481292725, 0.7823489308357239];[0.22458679974079132, 0.8814014792442322];[0.3922989070415497, 0.9194657206535339]
1.0666666666666667;[0.6595098972320557, 0.4600294828414917];[0.2854989469051361, 0.663615882396698];[0.62785804271698, 0.504050612449646];[0.2741844356060028, 0.5637105107307434];[0.5516013503074646, 0.4617467224597931];[0.32659247517585754, 0.4602481722831726];[0.49346643686294556, 0.654373288154602];[0.37353822588920593, 0.6502072215080261];[0.38536837697029114, 0.7737796306610107];[0.3879518210887909, 0.7784330248832703];[0.22538740932941437, 0.8813344240188599];[0.3923882842063904, 0.918817400932312]
